swing_id,direction,trend,swing_pips,bars,swing_trend_aligned,prior_direction,prior_swing_pips,prior_bars,current_end_retracement_pct,current_end_fib_zone,reversal_pct,reversal_fib_zone,start_time,end_time,signal_date,date,month,regime,opening_regime,previous_regime,regime_changed,cumulative_month_score,confidence,economic_regime,economic_alignment,economic_filter_status,economic_regime_match,passes_step11_filter
14,UP,UP,58.400000000000674,572,True,DOWN,19.29999999999988,126.0,302.590673575135,261.8-361.8,302.590673575135,261.8-361.8,2025-09-15 02:31:00,2025-09-15 12:03:00,2025-09-15,2025-09-15,2025-09,UP,NEUTRAL,UP,False,4.5,1.0,UP,True,KEEP_IF_UP,True,True
16,UP,UP,121.09999999999845,988,True,DOWN,17.199999999999438,530.0,704.0697674418743,>=423.6,704.0697674418743,>=423.6,2025-09-15 20:54:00,2025-09-16 13:22:00,2025-09-16,2025-09-16,2025-09,UP,NEUTRAL,UP,False,5.0,1.0,UP,True,KEEP_IF_UP,True,True
24,UP,UP,93.700000000001,1490,True,DOWN,66.29999999999913,1262.0,141.3273001508329,127.2-161.8,141.3273001508329,127.2-161.8,2025-09-21 20:56:00,2025-09-22 21:50:00,2025-09-22,2025-09-22,2025-09,UP,NEUTRAL,UP,False,7.0,1.0,UP,True,KEEP_IF_UP,True,True
34,UP,UP,19.29999999999988,50,True,DOWN,15.299999999998091,103.0,126.1437908496881,100.0-127.2,126.1437908496881,100-127.2,2025-09-26 03:52:00,2025-09-26 04:42:00,2025-09-26,2025-09-26,2025-09,UP,NEUTRAL,UP,False,5.0,1.0,UP,True,KEEP_IF_UP,True,True
36,UP,UP,71.699999999999,1076,True,DOWN,26.200000000000667,133.0,273.66412213739375,261.8-361.8,273.66412213739375,261.8-361.8,2025-09-26 06:55:00,2025-09-29 01:08:00,2025-09-29,2025-09-29,2025-09,UP,NEUTRAL,UP,False,3.0,0.75,UP,True,KEEP_IF_UP,True,True
38,UP,UP,46.90000000000083,320,True,DOWN,25.69999999999961,198.0,182.49027237354684,161.8-200.0,182.49027237354684,161.8-200,2025-09-29 04:26:00,2025-09-29 09:46:00,2025-09-29,2025-09-29,2025-09,UP,NEUTRAL,UP,False,3.0,0.75,UP,True,KEEP_IF_UP,True,True
42,UP,UP,44.99999999999949,236,True,DOWN,45.100000000000136,283.0,99.77827050997638,78.6-100.0,99.77827050997638,78.6-100,2025-09-30 09:26:00,2025-09-30 13:22:00,2025-09-30,2025-09-30,2025-09,UP,NEUTRAL,UP,False,-0.5,0.0,UP,True,KEEP_IF_UP,True,True
46,UP,UP,42.899999999999054,1155,True,DOWN,63.10000000000038,570.0,67.98732171156703,61.8-78.6,67.98732171156703,61.8-78.6,2025-10-01 12:44:00,2025-10-02 08:05:00,2025-10-02,2025-10-02,2025-10,UP,UP,UP,False,-0.5,0.0,UP,True,KEEP_IF_UP,True,True
50,UP,UP,44.500000000000654,524,True,DOWN,14.600000000000168,210.0,304.7945205479461,261.8-361.8,304.7945205479461,261.8-361.8,2025-10-03 01:23:00,2025-10-03 10:07:00,2025-10-03,2025-10-03,2025-10,UP,UP,UP,False,1.0,0.25,UP,True,KEEP_IF_UP,True,True
60,UP,UP,49.70000000000141,750,True,DOWN,46.39999999999978,197.0,107.1120689655208,100.0-127.2,107.1120689655208,100-127.2,2025-10-08 12:35:00,2025-10-09 01:10:00,2025-10-09,2025-10-09,2025-10,UP,UP,UP,False,0.5,0.125,UP,True,KEEP_IF_UP,True,True
64,UP,UP,28.599999999998627,95,True,DOWN,16.899999999999693,64.0,169.23076923076417,161.8-200.0,169.23076923076417,161.8-200,2025-10-10 02:51:00,2025-10-10 04:26:00,2025-10-10,2025-10-10,2025-10,UP,UP,UP,False,-3.0,0.0,UP,True,KEEP_IF_UP,True,True
68,UP,UP,37.8999999999996,482,True,DOWN,38.69999999999818,404.0,97.93281653747128,78.6-100.0,97.93281653747128,78.6-100,2025-10-12 18:21:00,2025-10-13 02:23:00,2025-10-13,2025-10-13,2025-10,UP,UP,UP,False,-3.0,0.0,UP,True,KEEP_IF_UP,True,True
72,UP,UP,102.99999999999976,1498,True,DOWN,51.20000000000013,123.0,201.17187499999892,200.0-261.8,201.17187499999892,200-261.8,2025-10-14 03:44:00,2025-10-15 04:50:00,2025-10-15,2025-10-15,2025-10,UP,UP,UP,False,-2.5,0.0,UP,True,KEEP_IF_UP,True,True
74,UP,UP,65.10000000000016,763,True,DOWN,35.00000000000058,254.0,185.99999999999736,161.8-200.0,185.99999999999736,161.8-200,2025-10-15 09:04:00,2025-10-15 21:51:00,2025-10-15,2025-10-15,2025-10,UP,UP,UP,False,-2.5,0.0,UP,True,KEEP_IF_UP,True,True
76,UP,UP,85.39999999999992,1319,True,DOWN,32.49999999999975,366.0,262.76923076923254,261.8-361.8,262.76923076923254,261.8-361.8,2025-10-16 03:57:00,2025-10-17 01:57:00,2025-10-17,2025-10-17,2025-10,UP,UP,UP,False,-3.0,0.0,UP,True,KEEP_IF_UP,True,True
79,DOWN,DOWN,37.0999999999988,762,True,UP,25.69999999999961,515.0,144.357976653694,127.2-161.8,144.357976653694,127.2-161.8,2025-10-20 01:35:00,2025-10-20 14:17:00,2025-10-20,2025-10-20,2025-10,DOWN,UP,UP,True,-4.0,1.0,DOWN,True,KEEP_IF_DOWN,True,True
81,DOWN,DOWN,57.49999999999922,839,True,UP,16.799999999999038,387.0,342.2619047619197,261.8-361.8,342.2619047619197,261.8-361.8,2025-10-20 20:55:00,2025-10-21 10:54:00,2025-10-21,2025-10-21,2025-10,DOWN,UP,DOWN,False,-4.0,1.0,DOWN,True,KEEP_IF_DOWN,True,True
83,DOWN,DOWN,38.89999999999949,429,True,UP,18.09999999999868,880.0,214.9171270718361,200.0-261.8,214.9171270718361,200-261.8,2025-10-22 01:37:00,2025-10-22 08:46:00,2025-10-22,2025-10-22,2025-10,DOWN,UP,DOWN,False,-3.5,0.875,DOWN,True,KEEP_IF_DOWN,True,True
87,DOWN,DOWN,20.7999999999986,179,True,UP,15.600000000000058,96.0,133.33333333332385,127.2-161.8,133.33333333332385,127.2-161.8,2025-10-23 04:17:00,2025-10-23 07:16:00,2025-10-23,2025-10-23,2025-10,DOWN,UP,DOWN,False,-3.5,0.875,DOWN,True,KEEP_IF_DOWN,True,True
89,DOWN,DOWN,20.700000000000163,335,True,UP,36.19999999999956,796.0,57.182320441990086,50.0-61.8,57.182320441990086,50-61.8,2025-10-23 20:37:00,2025-10-24 02:14:00,2025-10-24,2025-10-24,2025-10,DOWN,UP,DOWN,False,-3.0,0.75,DOWN,True,KEEP_IF_DOWN,True,True
93,DOWN,DOWN,29.90000000000048,410,True,UP,26.80000000000016,269.0,111.56716417910562,100.0-127.2,111.56716417910562,100-127.2,2025-10-26 20:18:00,2025-10-27 03:09:00,2025-10-27,2025-10-27,2025-10,DOWN,UP,DOWN,False,-2.5,0.625,DOWN,True,KEEP_IF_DOWN,True,True
97,DOWN,DOWN,50.09999999999959,966,True,UP,43.10000000000037,220.0,116.24129930394238,100.0-127.2,116.24129930394238,100-127.2,2025-10-28 12:00:00,2025-10-29 04:11:00,2025-10-29,2025-10-29,2025-10,DOWN,UP,DOWN,False,-3.5,0.875,DOWN,True,KEEP_IF_DOWN,True,True
105,DOWN,DOWN,55.30000000000035,524,True,UP,21.899999999999142,168.0,252.5114155251256,200.0-261.8,252.5114155251256,200-261.8,2025-10-31 04:58:00,2025-10-31 13:42:00,2025-10-31,2025-10-31,2025-10,DOWN,UP,DOWN,False,-3.5,0.875,DOWN,True,KEEP_IF_DOWN,True,True
114,UP,UP,11.900000000000244,47,True,DOWN,14.499999999999512,335.0,82.06896551724581,78.6-100.0,82.06896551724581,78.6-100,2025-11-05 02:22:00,2025-11-05 03:09:00,2025-11-05,2025-11-05,2025-11,UP,DOWN,UP,False,0.5,0.125,UP,True,KEEP_IF_UP,True,True
116,UP,UP,83.49999999999858,1762,True,DOWN,26.50000000000041,355.0,315.09433962263125,261.8-361.8,315.09433962263125,261.8-361.8,2025-11-05 09:04:00,2025-11-06 14:33:00,2025-11-06,2025-11-06,2025-11,UP,DOWN,UP,False,-1.0,0.0,UP,True,KEEP_IF_UP,True,True
118,UP,UP,61.59999999999943,548,True,DOWN,22.799999999998377,652.0,270.17543859650795,261.8-361.8,270.17543859650795,261.8-361.8,2025-11-07 01:28:00,2025-11-07 10:36:00,2025-11-07,2025-11-07,2025-11,UP,DOWN,UP,False,-1.0,0.0,UP,True,KEEP_IF_UP,True,True
128,UP,UP,76.99999999999818,992,True,DOWN,18.799999999998818,544.0,409.5744680851225,361.8-423.6,409.5744680851225,361.8-423.6,2025-11-12 20:17:00,2025-11-13 12:50:00,2025-11-13,2025-11-13,2025-11,UP,DOWN,UP,False,-2.0,0.0,UP,True,KEEP_IF_UP,True,True
151,DOWN,DOWN,61.500000000001,495,True,UP,29.09999999999968,548.0,211.34020618557275,200.0-261.8,211.34020618557275,200-261.8,2025-11-21 03:26:00,2025-11-21 11:41:00,2025-11-21,2025-11-21,2025-11,DOWN,DOWN,UP,True,-4.5,1.0,DOWN,True,KEEP_IF_DOWN,True,True
153,DOWN,DOWN,19.000000000000128,171,True,UP,29.90000000000048,280.0,63.54515050167164,61.8-78.6,63.54515050167164,61.8-78.6,2025-11-21 16:21:00,2025-11-23 19:19:00,2025-11-23,2025-11-23,2025-11,DOWN,DOWN,DOWN,False,-4.5,1.0,DOWN,True,KEEP_IF_DOWN,True,True
159,DOWN,DOWN,18.700000000000383,157,True,UP,18.700000000000383,591.0,100.0,100.0-127.2,100.0,100-127.2,2025-11-24 22:00:00,2025-11-25 00:37:00,2025-11-25,2025-11-25,2025-11,DOWN,DOWN,DOWN,False,0.5,0.0,DOWN,True,KEEP_IF_DOWN,True,True
160,UP,UP,84.40000000000003,1489,True,DOWN,18.700000000000383,157.0,451.3368983957128,>=423.6,451.3368983957128,>=423.6,2025-11-25 00:37:00,2025-11-26 01:29:00,2025-11-26,2025-11-26,2025-11,UP,DOWN,DOWN,True,4.0,1.0,UP,True,KEEP_IF_UP,True,True
162,UP,UP,66.19999999999848,754,True,DOWN,48.79999999999996,452.0,135.65573770491503,127.2-161.8,135.65573770491503,127.2-161.8,2025-11-26 09:01:00,2025-11-26 21:39:00,2025-11-26,2025-11-26,2025-11,UP,DOWN,DOWN,True,4.0,1.0,UP,True,KEEP_IF_UP,True,True
164,UP,UP,25.50000000000052,853,True,DOWN,36.89999999999971,407.0,69.10569105691252,61.8-78.6,69.10569105691252,61.8-78.6,2025-11-27 04:26:00,2025-11-27 19:13:00,2025-11-27,2025-11-27,2025-11,UP,DOWN,UP,False,5.0,1.0,UP,True,KEEP_IF_UP,True,True
168,UP,UP,24.600000000001288,200,True,DOWN,16.300000000000203,355.0,150.92024539877903,127.2-161.8,150.92024539877903,127.2-161.8,2025-11-30 17:03:00,2025-11-30 20:25:00,2025-11-30,2025-11-30,2025-11,UP,DOWN,UP,False,5.5,1.0,UP,True,KEEP_IF_UP,True,True
170,UP,UP,62.89999999999907,596,True,DOWN,26.50000000000041,100.0,237.35849056603053,200.0-261.8,237.35849056603053,200-261.8,2025-11-30 22:05:00,2025-12-01 08:05:00,2025-12-01,2025-12-01,2025-12,UP,UP,UP,False,1.5,0.375,UP,True,KEEP_IF_UP,True,True
176,UP,UP,61.59999999999943,853,True,DOWN,32.00000000000092,170.0,192.49999999999272,161.8-200.0,192.49999999999272,161.8-200,2025-12-02 11:58:00,2025-12-03 02:17:00,2025-12-03,2025-12-03,2025-12,UP,UP,UP,False,4.5,1.0,UP,True,KEEP_IF_UP,True,True
178,UP,UP,41.90000000000138,633,True,DOWN,17.000000000000348,91.0,246.4705882352972,200.0-261.8,246.4705882352972,200-261.8,2025-12-03 03:48:00,2025-12-03 14:21:00,2025-12-03,2025-12-03,2025-12,UP,UP,UP,False,4.5,1.0,UP,True,KEEP_IF_UP,True,True
188,UP,UP,23.699999999999832,101,True,DOWN,16.799999999999038,128.0,141.07142857143563,127.2-161.8,141.07142857143563,127.2-161.8,2025-12-09 03:07:00,2025-12-09 04:48:00,2025-12-09,2025-12-09,2025-12,UP,UP,UP,False,7.0,1.0,UP,True,KEEP_IF_UP,True,True
190,UP,UP,92.30000000000072,2031,True,DOWN,42.200000000001125,322.0,218.7203791469153,200.0-261.8,218.7203791469153,200-261.8,2025-12-09 10:10:00,2025-12-10 20:06:00,2025-12-10,2025-12-10,2025-12,UP,UP,UP,False,9.0,1.0,UP,True,KEEP_IF_UP,True,True
192,UP,UP,80.59999999999957,652,True,DOWN,25.10000000000012,314.0,321.1155378486023,261.8-361.8,321.1155378486023,261.8-361.8,2025-12-11 01:20:00,2025-12-11 12:12:00,2025-12-11,2025-12-11,2025-12,UP,UP,UP,False,9.0,1.0,UP,True,KEEP_IF_UP,True,True
198,UP,UP,42.40000000000022,413,True,DOWN,23.300000000001653,818.0,181.97424892702665,161.8-200.0,181.97424892702665,161.8-200,2025-12-15 03:13:00,2025-12-15 10:06:00,2025-12-15,2025-12-15,2025-12,UP,UP,UP,False,10.0,1.0,UP,True,KEEP_IF_UP,True,True
202,UP,UP,12.299999999998423,74,True,DOWN,11.199999999997878,99.0,109.8214285714353,100.0-127.2,109.8214285714353,100-127.2,2025-12-15 20:50:00,2025-12-15 22:04:00,2025-12-15,2025-12-15,2025-12,UP,UP,UP,False,10.0,1.0,UP,True,KEEP_IF_UP,True,True
204,UP,UP,59.79999999999875,471,True,DOWN,14.799999999999258,245.0,404.0540540540658,361.8-423.6,404.0540540540658,361.8-423.6,2025-12-16 02:10:00,2025-12-16 10:01:00,2025-12-16,2025-12-16,2025-12,UP,UP,UP,False,13.0,1.0,UP,True,KEEP_IF_UP,True,True
216,UP,UP,89.39999999999948,1775,True,DOWN,9.399999999999409,96.0,951.0638297872885,>=423.6,951.0638297872885,>=423.6,2025-12-22 01:54:00,2025-12-23 07:31:00,2025-12-23,2025-12-23,2025-12,UP,UP,UP,False,14.5,1.0,UP,True,KEEP_IF_UP,True,True
218,UP,UP,44.200000000000905,624,True,DOWN,38.40000000000066,195.0,115.10416666666706,100.0-127.2,115.10416666666706,100-127.2,2025-12-23 10:46:00,2025-12-23 21:11:00,2025-12-23,2025-12-23,2025-12,UP,UP,UP,False,14.5,1.0,UP,True,KEEP_IF_UP,True,True
222,UP,UP,27.099999999999905,303,True,DOWN,17.199999999999438,135.0,157.5581395348883,127.2-161.8,157.5581395348883,127.2-161.8,2025-12-25 02:47:00,2025-12-25 21:57:00,2025-12-25,2025-12-25,2025-12,UP,UP,UP,False,17.5,1.0,UP,True,KEEP_IF_UP,True,True
230,UP,UP,30.39999999999932,768,True,DOWN,39.70000000000029,465.0,76.5743073047836,61.8-78.6,76.5743073047836,61.8-78.6,2025-12-29 12:25:00,2025-12-30 01:19:00,2025-12-30,2025-12-30,2025-12,UP,UP,UP,False,15.0,1.0,UP,True,KEEP_IF_UP,True,True
234,UP,UP,44.69999999999974,747,True,DOWN,39.00000000000014,141.0,114.61538461538352,100.0-127.2,114.61538461538352,100-127.2,2025-12-31 10:16:00,2026-01-01 22:52:00,2026-01-01,2026-01-01,2026-01,UP,UP,UP,False,0.0,0.0,UP,True,KEEP_IF_UP,True,True
240,UP,UP,69.79999999999987,357,True,DOWN,36.00000000000048,312.0,193.888888888886,161.8-200.0,193.888888888886,161.8-200,2026-01-05 08:42:00,2026-01-05 14:39:00,2026-01-05,2026-01-05,2026-01,UP,UP,UP,False,1.5,0.375,UP,True,KEEP_IF_UP,True,True
242,UP,UP,32.2,387,True,DOWN,18.000000000000238,301.0,178.88888888888656,161.8-200.0,178.88888888888656,161.8-200,2026-01-05 19:42:00,2026-01-06 02:09:00,2026-01-06,2026-01-06,2026-01,UP,UP,UP,False,1.0,0.25,UP,True,KEEP_IF_UP,True,True
252,UP,UP,80.4999999999989,1347,True,DOWN,42.49999999999865,104.0,189.4117647058858,161.8-200.0,189.4117647058858,161.8-200,2026-01-09 10:21:00,2026-01-12 08:52:00,2026-01-12,2026-01-12,2026-01,UP,UP,UP,False,6.0,1.0,UP,True,KEEP_IF_UP,True,True
264,UP,UP,63.50000000000078,544,True,DOWN,49.60000000000076,413.0,128.02419354838673,127.2-161.8,128.02419354838673,127.2-161.8,2026-01-18 17:08:00,2026-01-19 02:13:00,2026-01-19,2026-01-19,2026-01,UP,UP,UP,False,7.0,1.0,UP,True,KEEP_IF_UP,True,True
266,UP,UP,37.700000000000514,537,True,DOWN,30.200000000000227,132.0,124.83443708609347,100.0-127.2,124.83443708609347,100-127.2,2026-01-19 04:25:00,2026-01-19 13:22:00,2026-01-19,2026-01-19,2026-01,UP,UP,UP,False,7.0,1.0,UP,True,KEEP_IF_UP,True,True
268,UP,UP,136.39999999999876,773,True,DOWN,16.300000000000203,360.0,836.8098159509021,>=423.6,836.8098159509021,>=423.6,2026-01-19 19:41:00,2026-01-20 08:34:00,2026-01-20,2026-01-20,2026-01,UP,UP,UP,False,7.0,1.0,UP,True,KEEP_IF_UP,True,True
274,UP,UP,89.39999999999948,1412,True,DOWN,73.29999999999836,578.0,121.96452933151632,100.0-127.2,121.96452933151632,100-127.2,2026-01-21 18:33:00,2026-01-22 18:09:00,2026-01-22,2026-01-22,2026-01,UP,UP,UP,False,8.0,1.0,UP,True,KEEP_IF_UP,True,True
276,UP,UP,169.2999999999989,896,True,DOWN,30.79999999999972,548.0,549.6753246753261,>=423.6,549.6753246753261,>=423.6,2026-01-23 03:19:00,2026-01-25 18:15:00,2026-01-25,2026-01-25,2026-01,UP,UP,UP,False,12.0,1.0,UP,True,KEEP_IF_UP,True,True
280,UP,UP,232.00000000000108,724,True,DOWN,56.70000000000064,998.0,409.1710758377398,361.8-423.6,409.1710758377398,361.8-423.6,2026-01-27 03:44:00,2026-01-27 15:48:00,2026-01-27,2026-01-27,2026-01,UP,UP,UP,False,13.0,1.0,UP,True,KEEP_IF_UP,True,True
284,UP,UP,100.70000000000024,719,True,DOWN,129.999999999999,707.0,77.46153846153923,61.8-78.6,77.46153846153923,61.8-78.6,2026-01-28 14:02:00,2026-01-29 02:03:00,2026-01-29,2026-01-29,2026-01,UP,UP,UP,False,12.0,1.0,UP,True,KEEP_IF_UP,True,True
299,DOWN,DOWN,55.29999999999813,1131,True,UP,57.89999999999962,1079.0,95.50949913643952,78.6-100.0,95.50949913643952,78.6-100,2026-02-04 03:12:00,2026-02-04 22:03:00,2026-02-04,2026-02-04,2026-02,DOWN,UP,UP,True,-4.5,1.0,DOWN,True,KEEP_IF_DOWN,True,True
315,DOWN,DOWN,42.29999999999956,560,True,UP,40.00000000000004,93.0,105.7499999999988,100.0-127.2,105.7499999999988,100-127.2,2026-02-10 09:34:00,2026-02-10 19:01:00,2026-02-10,2026-02-10,2026-02,DOWN,UP,DOWN,False,-3.0,0.75,DOWN,True,KEEP_IF_DOWN,True,True
319,DOWN,DOWN,32.40000000000131,268,True,UP,51.49999999999988,751.0,62.91262135922601,61.8-78.6,62.91262135922601,61.8-78.6,2026-02-11 21:05:00,2026-02-12 01:33:00,2026-02-12,2026-02-12,2026-02,DOWN,UP,DOWN,False,-5.0,1.0,DOWN,True,KEEP_IF_DOWN,True,True
323,DOWN,DOWN,26.50000000000041,396,True,UP,17.300000000000093,396.0,153.17919075144664,127.2-161.8,153.17919075144664,127.2-161.8,2026-02-12 20:01:00,2026-02-13 02:37:00,2026-02-13,2026-02-13,2026-02,DOWN,UP,DOWN,False,-4.5,1.0,DOWN,True,KEEP_IF_DOWN,True,True
327,DOWN,DOWN,9.899999999998244,49,True,UP,22.599999999999287,885.0,43.805309734506885,38.2-50.0,43.805309734506885,38.2-50,2026-02-16 01:45:00,2026-02-16 02:34:00,2026-02-16,2026-02-16,2026-02,DOWN,UP,DOWN,False,-4.0,1.0,DOWN,True,KEEP_IF_DOWN,True,True
329,DOWN,DOWN,41.70000000000008,1394,True,UP,10.099999999999554,31.0,412.8712871287318,361.8-423.6,412.8712871287318,361.8-423.6,2026-02-16 03:05:00,2026-02-17 02:55:00,2026-02-17,2026-02-17,2026-02,DOWN,UP,DOWN,False,-3.5,0.875,DOWN,True,KEEP_IF_DOWN,True,True
331,DOWN,DOWN,44.8000000000004,375,True,UP,21.100000000000563,100.0,212.3222748815128,200.0-261.8,212.3222748815128,200-261.8,2026-02-17 04:35:00,2026-02-17 10:50:00,2026-02-17,2026-02-17,2026-02,DOWN,UP,DOWN,False,-3.5,0.875,DOWN,True,KEEP_IF_DOWN,True,True
335,DOWN,DOWN,66.69999999999953,529,True,UP,20.10000000000068,264.0,331.8407960198871,261.8-361.8,331.8407960198871,261.8-361.8,2026-02-18 08:08:00,2026-02-18 16:59:00,2026-02-18,2026-02-18,2026-02,DOWN,UP,DOWN,False,-3.0,0.75,DOWN,True,KEEP_IF_DOWN,True,True
342,UP,UP,38.89999999999949,318,True,DOWN,19.29999999999988,36.0,201.5544041450764,200.0-261.8,201.5544041450764,200-261.8,2026-02-20 03:12:00,2026-02-20 08:30:00,2026-02-20,2026-02-20,2026-02,UP,UP,DOWN,True,3.5,0.875,UP,True,KEEP_IF_UP,True,True
344,UP,UP,79.49999999999902,524,True,DOWN,26.999999999999247,96.0,294.444444444449,261.8-361.8,294.444444444449,261.8-361.8,2026-02-20 10:06:00,2026-02-22 18:57:00,2026-02-22,2026-02-22,2026-02,UP,UP,UP,False,3.5,0.875,UP,True,KEEP_IF_UP,True,True
350,UP,UP,36.30000000000023,542,True,DOWN,18.500000000001293,330.0,196.2162162162037,161.8-200.0,196.2162162162037,161.8-200,2026-02-24 17:00:00,2026-02-25 02:06:00,2026-02-25,2026-02-25,2026-02,UP,UP,UP,False,3.0,0.75,UP,True,KEEP_IF_UP,True,True
352,UP,UP,57.89999999999962,855,True,DOWN,36.89999999999971,264.0,156.91056910569125,127.2-161.8,156.91056910569125,127.2-161.8,2026-02-25 06:30:00,2026-02-25 20:47:00,2026-02-25,2026-02-25,2026-02,UP,UP,UP,False,3.0,0.75,UP,True,KEEP_IF_UP,True,True
354,UP,UP,47.90000000000072,855,True,DOWN,55.09999999999904,962.0,86.93284936479411,78.6-100.0,86.93284936479411,78.6-100,2026-02-26 12:49:00,2026-02-27 03:07:00,2026-02-27,2026-02-27,2026-02,UP,UP,UP,False,4.5,1.0,UP,True,KEEP_IF_UP,True,True
363,DOWN,DOWN,85.80000000000032,438,True,UP,62.99999999999972,38.0,136.1904761904773,127.2-161.8,136.1904761904773,127.2-161.8,2026-03-05 04:08:00,2026-03-05 11:26:00,2026-03-05,2026-03-05,2026-03,DOWN,UP,DOWN,False,-1.5,0.375,DOWN,True,KEEP_IF_DOWN,True,True
365,DOWN,DOWN,75.3999999999988,590,True,UP,62.40000000000023,719.0,120.83333333333096,100.0-127.2,120.83333333333096,100-127.2,2026-03-05 23:33:00,2026-03-06 09:23:00,2026-03-06,2026-03-06,2026-03,DOWN,UP,DOWN,False,-4.0,1.0,DOWN,True,KEEP_IF_DOWN,True,True
371,DOWN,DOWN,64.50000000000067,316,True,UP,60.2999999999998,807.0,106.9651741293547,100.0-127.2,106.9651741293547,100-127.2,2026-03-10 12:27:00,2026-03-10 17:48:00,2026-03-10,2026-03-10,2026-03,DOWN,UP,DOWN,False,-3.5,0.875,DOWN,True,KEEP_IF_DOWN,True,True
373,DOWN,DOWN,113.60000000000036,1292,True,UP,42.60000000000153,507.0,266.666666666658,261.8-361.8,266.666666666658,261.8-361.8,2026-03-11 02:15:00,2026-03-11 23:50:00,2026-03-11,2026-03-11,2026-03,DOWN,UP,DOWN,False,-3.5,0.875,DOWN,True,KEEP_IF_DOWN,True,True
375,DOWN,DOWN,56.59999999999998,561,True,UP,34.49999999999953,407.0,164.05797101449494,161.8-200.0,164.05797101449494,161.8-200,2026-03-12 06:37:00,2026-03-12 15:58:00,2026-03-12,2026-03-12,2026-03,DOWN,UP,DOWN,False,-3.5,0.875,DOWN,True,KEEP_IF_DOWN,True,True
377,DOWN,DOWN,96.7999999999991,430,True,UP,20.000000000000018,253.0,483.9999999999951,>=423.6,483.9999999999951,>=423.6,2026-03-12 20:12:00,2026-03-13 03:22:00,2026-03-13,2026-03-13,2026-03,DOWN,UP,DOWN,False,-7.5,1.0,DOWN,True,KEEP_IF_DOWN,True,True
379,DOWN,DOWN,79.29999999999993,414,True,UP,57.300000000000125,326.0,138.39441535776572,127.2-161.8,138.39441535776572,127.2-161.8,2026-03-13 08:48:00,2026-03-13 15:42:00,2026-03-13,2026-03-13,2026-03,DOWN,UP,DOWN,False,-7.5,1.0,DOWN,True,KEEP_IF_DOWN,True,True
389,DOWN,DOWN,105.5000000000006,559,True,UP,37.50000000000142,173.0,281.3333333333242,261.8-361.8,281.3333333333242,261.8-361.8,2026-03-18 06:19:00,2026-03-18 15:38:00,2026-03-18,2026-03-18,2026-03,DOWN,UP,DOWN,False,-9.0,1.0,DOWN,True,KEEP_IF_DOWN,True,True
391,DOWN,DOWN,48.2999999999989,382,True,UP,41.59999999999941,342.0,116.1057692307682,100.0-127.2,116.1057692307682,100-127.2,2026-03-18 21:20:00,2026-03-19 03:42:00,2026-03-19,2026-03-19,2026-03,DOWN,UP,DOWN,False,-5.0,1.0,DOWN,True,KEEP_IF_DOWN,True,True
395,DOWN,DOWN,56.0000000000005,363,True,UP,28.200000000000447,154.0,198.5815602836865,161.8-200.0,198.5815602836865,161.8-200,2026-03-20 03:25:00,2026-03-20 09:28:00,2026-03-20,2026-03-20,2026-03,DOWN,UP,DOWN,False,-5.5,1.0,DOWN,True,KEEP_IF_DOWN,True,True
397,DOWN,DOWN,87.50000000000036,833,True,UP,47.30000000000123,391.0,184.98942917547163,161.8-200.0,184.98942917547163,161.8-200,2026-03-20 15:59:00,2026-03-23 05:56:00,2026-03-23,2026-03-23,2026-03,DOWN,UP,DOWN,False,-5.5,1.0,DOWN,True,KEEP_IF_DOWN,True,True
401,DOWN,DOWN,50.49999999999999,392,True,UP,41.999999999999815,166.0,120.23809523809574,100.0-127.2,120.23809523809574,100-127.2,2026-03-24 02:13:00,2026-03-24 08:45:00,2026-03-24,2026-03-24,2026-03,DOWN,UP,DOWN,False,-4.5,1.0,DOWN,True,KEEP_IF_DOWN,True,True
403,DOWN,DOWN,49.99999999999893,133,True,UP,39.80000000000095,67.0,125.62814070351192,100.0-127.2,125.62814070351192,100-127.2,2026-03-24 09:52:00,2026-03-24 12:05:00,2026-03-24,2026-03-24,2026-03,DOWN,UP,DOWN,False,-4.5,1.0,DOWN,True,KEEP_IF_DOWN,True,True
407,DOWN,DOWN,62.60000000000154,970,True,UP,29.799999999999827,144.0,210.06711409396613,200.0-261.8,210.06711409396613,200-261.8,2026-03-25 03:33:00,2026-03-25 19:45:00,2026-03-25,2026-03-25,2026-03,DOWN,UP,DOWN,False,-5.0,1.0,DOWN,True,KEEP_IF_DOWN,True,True
409,DOWN,DOWN,52.59999999999821,936,True,UP,18.299999999999983,227.0,287.4316939890615,261.8-361.8,287.4316939890615,261.8-361.8,2026-03-25 23:32:00,2026-03-26 15:09:00,2026-03-26,2026-03-26,2026-03,DOWN,UP,DOWN,False,-2.5,0.625,DOWN,True,KEEP_IF_DOWN,True,True
413,DOWN,DOWN,59.8999999999994,431,True,UP,45.80000000000028,198.0,130.78602620087122,127.2-161.8,130.78602620087122,127.2-161.8,2026-03-27 10:33:00,2026-03-29 18:58:00,2026-03-29,2026-03-29,2026-03,DOWN,UP,DOWN,False,-2.5,0.625,DOWN,True,KEEP_IF_DOWN,True,True
415,DOWN,DOWN,78.09999999999873,648,True,UP,33.39999999999898,269.0,233.8323353293446,200.0-261.8,233.8323353293446,200-261.8,2026-03-30 00:27:00,2026-03-30 11:15:00,2026-03-30,2026-03-30,2026-03,DOWN,UP,DOWN,False,-3.5,0.875,DOWN,True,KEEP_IF_DOWN,True,True
417,DOWN,DOWN,20.300000000001983,201,True,UP,24.399999999999977,347.0,83.19672131148361,78.6-100.0,83.19672131148361,78.6-100,2026-03-30 17:02:00,2026-03-30 20:23:00,2026-03-30,2026-03-30,2026-03,DOWN,UP,DOWN,False,-3.5,0.875,DOWN,True,KEEP_IF_DOWN,True,True
423,DOWN,DOWN,96.49999999999936,603,True,UP,29.200000000000337,368.0,330.47945205478857,261.8-361.8,330.47945205478857,261.8-361.8,2026-04-01 21:11:00,2026-04-02 07:14:00,2026-04-02,2026-04-02,2026-04,DOWN,DOWN,DOWN,False,-10.0,1.0,DOWN,True,KEEP_IF_DOWN,True,True
429,DOWN,DOWN,35.09999999999902,536,True,UP,19.599999999999618,327.0,179.08163265305973,161.8-200.0,179.08163265305973,161.8-200,2026-04-03 06:54:00,2026-04-03 15:58:00,2026-04-03,2026-04-03,2026-04,DOWN,DOWN,DOWN,False,-6.5,1.0,DOWN,True,KEEP_IF_DOWN,True,True
431,DOWN,DOWN,24.999999999999467,104,True,UP,15.999999999998238,13.0,156.25000000001387,127.2-161.8,156.25000000001387,127.2-161.8,2026-04-03 16:11:00,2026-04-05 18:11:00,2026-04-05,2026-04-05,2026-04,DOWN,DOWN,DOWN,False,-6.5,1.0,DOWN,True,KEEP_IF_DOWN,True,True
433,DOWN,DOWN,47.39999999999967,690,True,UP,66.50000000000045,984.0,71.27819548872083,61.8-78.6,71.27819548872083,61.8-78.6,2026-04-06 10:35:00,2026-04-06 22:07:00,2026-04-06,2026-04-06,2026-04,DOWN,DOWN,DOWN,False,-3.0,0.75,DOWN,True,KEEP_IF_DOWN,True,True
437,DOWN,DOWN,46.10000000000003,862,True,UP,80.0999999999985,1355.0,57.55305867665529,50.0-61.8,57.55305867665529,50-61.8,2026-04-09 13:38:00,2026-04-10 04:04:00,2026-04-10,2026-04-10,2026-04,DOWN,DOWN,DOWN,False,-5.0,1.0,DOWN,True,KEEP_IF_DOWN,True,True
441,DOWN,DOWN,17.000000000000348,36,True,UP,31.000000000001027,406.0,54.83870967741866,50.0-61.8,54.83870967741866,50-61.8,2026-04-13 02:10:00,2026-04-13 02:46:00,2026-04-13,2026-04-13,2026-04,DOWN,DOWN,DOWN,False,-4.0,1.0,DOWN,True,KEEP_IF_DOWN,True,True
445,DOWN,DOWN,27.400000000001867,267,True,UP,20.50000000000108,214.0,133.65853658536798,127.2-161.8,133.65853658536798,127.2-161.8,2026-04-15 02:09:00,2026-04-15 06:36:00,2026-04-15,2026-04-15,2026-04,DOWN,DOWN,DOWN,False,0.5,0.0,DOWN,True,KEEP_IF_DOWN,True,True
447,DOWN,DOWN,57.000000000000384,651,True,UP,52.00000000000094,971.0,109.61538461538338,100.0-127.2,109.61538461538338,100-127.2,2026-04-15 23:07:00,2026-04-16 09:58:00,2026-04-16,2026-04-16,2026-04,DOWN,DOWN,DOWN,False,0.0,0.0,DOWN,True,KEEP_IF_DOWN,True,True
451,DOWN,DOWN,36.79999999999906,818,True,UP,61.99999999999983,1497.0,59.35483870967606,50.0-61.8,59.35483870967606,50-61.8,2026-04-20 19:00:00,2026-04-21 08:38:00,2026-04-21,2026-04-21,2026-04,DOWN,DOWN,DOWN,False,-4.0,1.0,DOWN,True,KEEP_IF_DOWN,True,True
453,DOWN,DOWN,56.89999999999973,301,True,UP,21.9999999999998,123.0,258.6363636363648,200.0-261.8,258.6363636363648,200-261.8,2026-04-21 10:41:00,2026-04-21 15:42:00,2026-04-21,2026-04-21,2026-04,DOWN,DOWN,DOWN,False,-4.0,1.0,DOWN,True,KEEP_IF_DOWN,True,True
455,DOWN,DOWN,70.40000000000157,1125,True,UP,43.50000000000076,576.0,161.8390804597709,161.8-200.0,161.8390804597709,161.8-200,2026-04-22 01:21:00,2026-04-22 20:16:00,2026-04-22,2026-04-22,2026-04,DOWN,DOWN,DOWN,False,-5.0,1.0,DOWN,True,KEEP_IF_DOWN,True,True
457,DOWN,DOWN,34.600000000000186,662,True,UP,21.400000000000308,15.0,161.68224299065275,127.2-161.8,161.68224299065275,127.2-161.8,2026-04-22 20:31:00,2026-04-23 07:33:00,2026-04-23,2026-04-23,2026-04,DOWN,DOWN,DOWN,False,-8.0,1.0,DOWN,True,KEEP_IF_DOWN,True,True
461,DOWN,DOWN,16.499999999999293,92,True,UP,20.10000000000068,489.0,82.0895522387997,78.6-100.0,82.0895522387997,78.6-100,2026-04-23 22:00:00,2026-04-23 23:32:00,2026-04-23,2026-04-23,2026-04,DOWN,DOWN,DOWN,False,-8.0,1.0,DOWN,True,KEEP_IF_DOWN,True,True
465,DOWN,DOWN,36.89999999999971,519,True,UP,61.99999999999983,916.0,59.51612903225776,50.0-61.8,59.51612903225776,50-61.8,2026-04-27 08:19:00,2026-04-27 17:00:00,2026-04-27,2026-04-27,2026-04,DOWN,DOWN,DOWN,False,-8.5,1.0,DOWN,True,KEEP_IF_DOWN,True,True
467,DOWN,DOWN,49.5000000000001,719,True,UP,8.999999999999009,190.0,550.0000000000616,>=423.6,550.0000000000616,>=423.6,2026-04-27 20:12:00,2026-04-28 08:11:00,2026-04-28,2026-04-28,2026-04,DOWN,DOWN,DOWN,False,-9.0,1.0,DOWN,True,KEEP_IF_DOWN,True,True
469,DOWN,DOWN,26.80000000000016,487,True,UP,42.9999999999997,698.0,62.32558139534963,61.8-78.6,62.32558139534963,61.8-78.6,2026-04-28 20:04:00,2026-04-29 04:12:00,2026-04-29,2026-04-29,2026-04,DOWN,DOWN,DOWN,False,-8.5,1.0,DOWN,True,KEEP_IF_DOWN,True,True
471,DOWN,DOWN,48.60000000000086,467,True,UP,16.100000000001113,168.0,301.8633540372516,261.8-361.8,301.8633540372516,261.8-361.8,2026-04-29 07:00:00,2026-04-29 14:47:00,2026-04-29,2026-04-29,2026-04,DOWN,DOWN,DOWN,False,-8.5,1.0,DOWN,True,KEEP_IF_DOWN,True,True
473,DOWN,DOWN,34.30000000000044,271,True,UP,28.300000000001106,317.0,121.20141342755868,100.0-127.2,121.20141342755868,100-127.2,2026-04-29 20:09:00,2026-04-30 00:40:00,2026-04-30,2026-04-30,2026-04,DOWN,DOWN,DOWN,False,-6.5,1.0,DOWN,True,KEEP_IF_DOWN,True,True
480,UP,UP,37.199999999999456,643,True,DOWN,108.69999999999936,2304.0,34.22263109475591,23.6-38.2,34.22263109475591,23.6-38.2,2026-05-05 01:00:00,2026-05-05 11:43:00,2026-05-05,2026-05-05,2026-05,UP,DOWN,DOWN,True,5.5,1.0,UP,True,KEEP_IF_UP,True,True
482,UP,UP,105.69999999999968,815,True,DOWN,22.699999999999942,315.0,465.6387665198236,>=423.6,465.6387665198236,>=423.6,2026-05-05 17:00:00,2026-05-06 06:54:00,2026-05-06,2026-05-06,2026-05,UP,DOWN,UP,False,6.5,1.0,UP,True,KEEP_IF_UP,True,True
486,UP,UP,33.499999999999645,174,True,DOWN,18.500000000001293,306.0,181.0810810810665,161.8-200.0,181.0810810810665,161.8-200,2026-05-07 02:51:00,2026-05-07 05:45:00,2026-05-07,2026-05-07,2026-05,UP,DOWN,UP,False,6.5,1.0,UP,True,KEEP_IF_UP,True,True
488,UP,UP,65.60000000000122,1434,True,DOWN,55.89999999999984,672.0,117.35241502683613,100.0-127.2,117.35241502683613,100-127.2,2026-05-07 16:57:00,2026-05-08 16:54:00,2026-05-08,2026-05-08,2026-05,UP,DOWN,UP,False,7.0,1.0,UP,True,KEEP_IF_UP,True,True
502,UP,UP,49.00000000000127,713,True,DOWN,47.20000000000057,832.0,103.8135593220353,100.0-127.2,103.8135593220353,100-127.2,2026-05-17 20:54:00,2026-05-18 08:47:00,2026-05-18,2026-05-18,2026-05,UP,DOWN,UP,False,3.0,0.75,UP,True,KEEP_IF_UP,True,True
504,UP,UP,32.90000000000015,180,True,DOWN,28.500000000000192,372.0,115.43859649122784,100.0-127.2,115.43859649122784,100-127.2,2026-05-18 14:59:00,2026-05-18 18:00:00,2026-05-18,2026-05-18,2026-05,UP,DOWN,UP,False,3.0,0.75,UP,True,KEEP_IF_UP,True,True
506,UP,UP,62.40000000000023,66,True,DOWN,79.00000000000018,2400.0,78.987341772152,78.6-100.0,78.987341772152,78.6-100,2026-05-20 10:11:00,2026-05-20 11:17:00,2026-05-20,2026-05-20,2026-05,UP,DOWN,UP,False,2.0,0.5,UP,True,KEEP_IF_UP,True,True
514,UP,UP,60.7000000000002,397,True,DOWN,30.200000000000227,65.0,200.99337748344283,200.0-261.8,200.99337748344283,200-261.8,2026-05-22 10:17:00,2026-05-24 20:54:00,2026-05-24,2026-05-24,2026-05,UP,DOWN,UP,False,2.0,0.5,UP,True,KEEP_IF_UP,True,True
516,UP,UP,23.100000000000342,327,True,DOWN,19.199999999999218,385.0,120.31250000000668,100.0-127.2,120.31250000000668,100-127.2,2026-05-25 03:19:00,2026-05-25 08:46:00,2026-05-25,2026-05-25,2026-05,UP,DOWN,UP,False,2.0,0.5,UP,True,KEEP_IF_UP,True,True
520,UP,UP,32.90000000000015,902,True,DOWN,28.799999999999937,307.0,114.2361111111119,100.0-127.2,114.2361111111119,100-127.2,2026-05-26 11:37:00,2026-05-27 02:47:00,2026-05-27,2026-05-27,2026-05,UP,DOWN,UP,False,1.0,0.25,UP,True,KEEP_IF_UP,True,True
522,UP,UP,28.500000000000192,40,True,DOWN,16.300000000000203,309.0,174.84662576687015,161.8-200.0,174.84662576687015,161.8-200,2026-05-27 07:56:00,2026-05-27 08:36:00,2026-05-27,2026-05-27,2026-05,UP,DOWN,UP,False,1.0,0.25,UP,True,KEEP_IF_UP,True,True
524,UP,UP,74.89999999999996,739,True,DOWN,75.30000000000037,924.0,99.46879150066349,78.6-100.0,99.46879150066349,78.6-100,2026-05-28 00:05:00,2026-05-28 12:24:00,2026-05-28,2026-05-28,2026-05,UP,DOWN,UP,False,0.5,0.125,UP,True,KEEP_IF_UP,True,True
530,UP,UP,48.79999999999996,1343,True,DOWN,58.09999999999871,423.0,83.9931153184183,78.6-100.0,83.9931153184183,78.6-100,2026-06-01 10:02:00,2026-06-02 08:36:00,2026-06-02,2026-06-02,2026-06,UP,UP,UP,False,-1.0,0.0,UP,True,KEEP_IF_UP,True,True
531,DOWN,DOWN,60.99999999999994,2011,True,UP,48.79999999999996,1343.0,125.0,100.0-127.2,125.0,100-127.2,2026-06-02 08:36:00,2026-06-03 18:16:00,2026-06-03,2026-06-03,2026-06,DOWN,UP,UP,True,-3.5,0.875,DOWN,True,KEEP_IF_DOWN,True,True
537,DOWN,DOWN,136.099999999999,744,True,UP,36.10000000000113,763.0,377.0083102492929,361.8-423.6,377.0083102492929,361.8-423.6,2026-06-05 05:22:00,2026-06-07 17:49:00,2026-06-07,2026-06-07,2026-06,DOWN,UP,DOWN,False,-4.5,1.0,DOWN,True,KEEP_IF_DOWN,True,True
549,DOWN,DOWN,53.19999999999992,940,True,UP,30.49999999999997,148.0,174.4262295081966,161.8-200.0,174.4262295081966,161.8-200,2026-06-10 21:41:00,2026-06-11 13:21:00,2026-06-11,2026-06-11,2026-06,DOWN,UP,DOWN,False,-0.5,0.125,DOWN,True,KEEP_IF_DOWN,True,True
553,DOWN,DOWN,25.300000000001432,692,True,UP,32.49999999999975,106.0,77.84615384615886,61.8-78.6,77.84615384615886,61.8-78.6,2026-06-12 05:27:00,2026-06-12 16:59:00,2026-06-12,2026-06-12,2026-06,DOWN,UP,DOWN,False,-1.0,0.25,DOWN,True,KEEP_IF_DOWN,True,True
557,DOWN,DOWN,36.89999999999971,380,True,UP,23.400000000000087,291.0,157.69230769230586,127.2-161.8,157.69230769230586,127.2-161.8,2026-06-15 09:40:00,2026-06-15 16:00:00,2026-06-15,2026-06-15,2026-06,DOWN,UP,DOWN,False,-2.0,0.5,DOWN,True,KEEP_IF_DOWN,True,True
559,DOWN,DOWN,20.199999999999108,295,True,UP,11.499999999999844,297.0,175.6521739130381,161.8-200.0,175.6521739130381,161.8-200,2026-06-15 21:04:00,2026-06-16 02:00:00,2026-06-16,2026-06-16,2026-06,DOWN,UP,DOWN,False,-1.5,0.375,DOWN,True,KEEP_IF_DOWN,True,True
565,DOWN,DOWN,75.00000000000063,329,True,UP,50.39999999999934,647.0,148.809523809527,127.2-161.8,148.809523809527,127.2-161.8,2026-06-18 02:33:00,2026-06-18 08:02:00,2026-06-18,2026-06-18,2026-06,DOWN,UP,DOWN,False,-1.0,0.25,DOWN,True,KEEP_IF_DOWN,True,True
567,DOWN,DOWN,69.6999999999992,862,True,UP,34.30000000000044,178.0,203.2069970845432,200.0-261.8,203.2069970845432,200-261.8,2026-06-18 11:00:00,2026-06-19 01:27:00,2026-06-19,2026-06-19,2026-06,DOWN,UP,DOWN,False,-1.0,0.25,DOWN,True,KEEP_IF_DOWN,True,True
569,DOWN,DOWN,39.20000000000145,792,True,UP,62.80000000000064,804.0,62.42038216560678,61.8-78.6,62.42038216560678,61.8-78.6,2026-06-19 14:51:00,2026-06-22 04:11:00,2026-06-22,2026-06-22,2026-06,DOWN,UP,DOWN,False,-1.0,0.25,DOWN,True,KEEP_IF_DOWN,True,True
571,DOWN,DOWN,44.49999999999843,566,True,UP,21.9999999999998,118.0,202.272727272722,200.0-261.8,202.272727272722,200-261.8,2026-06-22 06:09:00,2026-06-22 15:35:00,2026-06-22,2026-06-22,2026-06,DOWN,UP,DOWN,False,-1.0,0.25,DOWN,True,KEEP_IF_DOWN,True,True
573,DOWN,DOWN,13.299999999998311,59,True,UP,12.999999999998568,397.0,102.3076923076906,100.0-127.2,102.3076923076906,100-127.2,2026-06-22 22:19:00,2026-06-22 23:18:00,2026-06-22,2026-06-22,2026-06,DOWN,UP,DOWN,False,-1.0,0.25,DOWN,True,KEEP_IF_DOWN,True,True
575,DOWN,DOWN,114.4999999999996,1781,True,UP,20.3999999999982,242.0,561.2745098039692,>=423.6,561.2745098039692,>=423.6,2026-06-23 03:20:00,2026-06-24 09:09:00,2026-06-24,2026-06-24,2026-06,DOWN,UP,DOWN,False,-1.0,0.25,DOWN,True,KEEP_IF_DOWN,True,True
587,DOWN,DOWN,12.499999999999734,149,True,UP,13.499999999999623,271.0,92.5925925925932,78.6-100.0,92.5925925925932,78.6-100,2026-06-28 22:28:00,2026-06-29 00:57:00,2026-06-29,2026-06-29,2026-06,DOWN,UP,DOWN,False,1.0,0.0,DOWN,True,KEEP_IF_DOWN,True,True
591,DOWN,DOWN,74.89999999999996,1329,True,UP,54.09999999999915,543.0,138.44731977819066,127.2-161.8,138.44731977819066,127.2-161.8,2026-06-30 11:01:00,2026-07-01 09:14:00,2026-07-01,2026-07-01,2026-07,DOWN,DOWN,DOWN,False,1.5,0.0,DOWN,True,KEEP_IF_DOWN,True,True
593,DOWN,DOWN,37.90000000000183,421,True,UP,50.10000000000181,31.0,75.64870259481128,61.8-78.6,75.64870259481128,61.8-78.6,2026-07-01 09:45:00,2026-07-01 16:46:00,2026-07-01,2026-07-01,2026-07,DOWN,DOWN,DOWN,False,1.5,0.0,DOWN,True,KEEP_IF_DOWN,True,True
600,UP,UP,39.59999999999964,530,True,DOWN,32.69999999999884,820.0,121.10091743119584,100.0-127.2,121.10091743119584,100-127.2,2026-07-06 09:57:00,2026-07-06 19:04:00,2026-07-06,2026-07-06,2026-07,UP,DOWN,DOWN,True,6.0,1.0,UP,True,KEEP_IF_UP,True,True
606,UP,UP,58.10000000000093,880,True,DOWN,40.50000000000109,492.0,143.45679012345522,127.2-161.8,143.45679012345522,127.2-161.8,2026-07-08 11:43:00,2026-07-09 02:33:00,2026-07-09,2026-07-09,2026-07,UP,DOWN,UP,False,6.5,1.0,UP,True,KEEP_IF_UP,True,True
616,UP,UP,78.30000000000004,327,True,DOWN,12.599999999998168,205.0,621.428571428662,>=423.6,621.428571428662,>=423.6,2026-07-14 03:03:00,2026-07-14 08:30:00,2026-07-14,2026-07-14,2026-07,UP,DOWN,UP,False,7.5,1.0,UP,True,KEEP_IF_UP,True,True
618,UP,UP,28.10000000000201,556,True,DOWN,46.70000000000174,512.0,60.17130620985217,50.0-61.8,60.17130620985217,50-61.8,2026-07-14 17:04:00,2026-07-15 02:26:00,2026-07-15,2026-07-15,2026-07,UP,DOWN,UP,False,6.5,1.0,UP,True,KEEP_IF_UP,True,True
620,UP,UP,76.6,384,True,DOWN,37.80000000000116,343.0,202.6455026454964,200.0-261.8,202.6455026454964,200-261.8,2026-07-15 08:09:00,2026-07-15 14:33:00,2026-07-15,2026-07-15,2026-07,UP,DOWN,UP,False,6.5,1.0,UP,True,KEEP_IF_UP,True,True
636,UP,UP,30.19999999999801,432,True,DOWN,16.099999999998893,462.0,187.5776397515533,161.8-200.0,187.5776397515533,161.8-200,2026-07-22 17:19:00,2026-07-23 00:33:00,2026-07-23,2026-07-23,2026-07,UP,DOWN,UP,False,7.0,1.0,UP,True,KEEP_IF_UP,True,True
640,UP,UP,24.800000000000377,95,True,DOWN,11.300000000000754,204.0,219.46902654866128,200.0-261.8,219.46902654866128,200-261.8,2026-07-24 01:56:00,2026-07-24 03:31:00,2026-07-24,2026-07-24,2026-07,UP,DOWN,UP,False,7.0,1.0,UP,True,KEEP_IF_UP,True,True
648,UP,UP,21.500000000000963,338,True,DOWN,23.100000000000342,396.0,93.07359307359586,78.6-100.0,93.07359307359586,78.6-100,2026-07-28 19:07:00,2026-07-29 00:45:00,2026-07-29,2026-07-29,2026-07,UP,DOWN,UP,False,10.0,1.0,UP,True,KEEP_IF_UP,True,True
652,UP,UP,102.70000000000002,392,True,DOWN,40.599999999999525,504.0,252.9556650246336,200.0-261.8,252.9556650246336,200-261.8,2026-07-30 03:32:00,2026-07-30 10:04:00,2026-07-30,2026-07-30,2026-07,UP,DOWN,UP,False,14.0,1.0,UP,True,KEEP_IF_UP,True,True
656,UP,UP,103.6999999999999,514,True,DOWN,71.0999999999995,282.0,145.85091420534548,127.2-161.8,145.85091420534548,127.2-161.8,2026-07-31 09:40:00,2026-08-02 18:15:00,2026-08-02,2026-08-02,2026-08,UP,UP,UP,False,-0.5,0.0,UP,True,KEEP_IF_UP,True,True
657,DOWN,DOWN,58.49999999999911,1037,True,UP,103.6999999999999,514.0,56.41272902603584,50.0-61.8,56.41272902603584,50-61.8,2026-08-02 18:15:00,2026-08-03 11:32:00,2026-08-03,2026-08-03,2026-08,DOWN,UP,UP,True,-6.0,1.0,DOWN,True,KEEP_IF_DOWN,True,True
659,DOWN,DOWN,12.699999999998823,22,True,UP,14.699999999998605,542.0,86.39455782312946,78.6-100.0,86.39455782312946,78.6-100,2026-08-03 20:39:00,2026-08-03 21:01:00,2026-08-03,2026-08-03,2026-08,DOWN,UP,UP,True,-6.0,1.0,DOWN,True,KEEP_IF_DOWN,True,True
667,DOWN,DOWN,44.899999999998826,1310,True,UP,28.399999999999537,582.0,158.09859154929424,127.2-161.8,158.09859154929424,127.2-161.8,2026-08-05 14:27:00,2026-08-06 12:20:00,2026-08-06,2026-08-06,2026-08,DOWN,UP,DOWN,False,-4.5,1.0,DOWN,True,KEEP_IF_DOWN,True,True
671,DOWN,DOWN,29.700000000001392,766,True,UP,17.80000000000115,248.0,166.85393258426672,161.8-200.0,166.85393258426672,161.8-200,2026-08-10 04:15:00,2026-08-10 17:05:00,2026-08-10,2026-08-10,2026-08,DOWN,UP,DOWN,False,-4.5,1.0,DOWN,True,KEEP_IF_DOWN,True,True
673,DOWN,DOWN,18.500000000001293,449,True,UP,13.800000000001589,217.0,134.0579710144867,127.2-161.8,134.0579710144867,127.2-161.8,2026-08-10 20:43:00,2026-08-11 04:12:00,2026-08-11,2026-08-11,2026-08,DOWN,UP,DOWN,False,-6.0,1.0,DOWN,True,KEEP_IF_DOWN,True,True
679,DOWN,DOWN,19.400000000000528,362,True,UP,11.400000000001407,378.0,170.1754385964748,161.8-200.0,170.1754385964748,161.8-200,2026-08-12 20:32:00,2026-08-13 02:34:00,2026-08-13,2026-08-13,2026-08,DOWN,UP,DOWN,False,-2.0,0.5,DOWN,True,KEEP_IF_DOWN,True,True
687,DOWN,DOWN,19.20000000000144,324,True,UP,14.80000000000148,385.0,129.7297297297265,127.2-161.8,129.7297297297265,127.2-161.8,2026-08-17 21:12:00,2026-08-18 02:37:00,2026-08-18,2026-08-18,2026-08,DOWN,UP,DOWN,False,-2.0,0.5,DOWN,True,KEEP_IF_DOWN,True,True
691,DOWN,DOWN,11.6000000000005,59,True,UP,9.900000000000464,245.0,117.17171717171672,100.0-127.2,117.17171717171672,100-127.2,2026-08-18 20:18:00,2026-08-18 21:17:00,2026-08-18,2026-08-18,2026-08,DOWN,UP,DOWN,False,-2.0,0.5,DOWN,True,KEEP_IF_DOWN,True,True
701,DOWN,DOWN,31.90000000000026,1045,True,UP,18.399999999998418,576.0,173.36956521740763,161.8-200.0,173.36956521740763,161.8-200,2026-08-23 20:23:00,2026-08-24 13:48:00,2026-08-24,2026-08-24,2026-08,DOWN,UP,DOWN,False,0.0,0.0,DOWN,True,KEEP_IF_DOWN,True,True
703,DOWN,DOWN,19.799999999998708,402,True,UP,15.600000000000058,371.0,126.92307692306817,100.0-127.2,126.92307692306817,100-127.2,2026-08-24 20:13:00,2026-08-25 02:56:00,2026-08-25,2026-08-25,2026-08,DOWN,UP,DOWN,False,0.5,0.0,DOWN,True,KEEP_IF_DOWN,True,True
707,DOWN,DOWN,34.79999999999927,361,True,UP,17.000000000000348,111.0,204.70588235293272,200.0-261.8,204.70588235293272,200-261.8,2026-08-26 04:29:00,2026-08-26 10:30:00,2026-08-26,2026-08-26,2026-08,DOWN,UP,DOWN,False,1.5,0.0,DOWN,True,KEEP_IF_DOWN,True,True
709,DOWN,DOWN,8.099999999999774,23,True,UP,12.900000000000134,370.0,62.79069767441621,61.8-78.6,62.79069767441621,61.8-78.6,2026-08-26 16:41:00,2026-08-26 17:04:00,2026-08-26,2026-08-26,2026-08,DOWN,UP,DOWN,False,1.5,0.0,DOWN,True,KEEP_IF_DOWN,True,True
713,DOWN,DOWN,21.5999999999994,221,True,UP,6.399999999999739,38.0,337.5000000000044,261.8-361.8,337.5000000000044,261.8-361.8,2026-08-27 04:08:00,2026-08-27 07:49:00,2026-08-27,2026-08-27,2026-08,DOWN,UP,DOWN,False,1.5,0.0,DOWN,True,KEEP_IF_DOWN,True,True
717,DOWN,DOWN,83.10000000000039,420,True,UP,19.70000000000028,237.0,421.8274111675089,361.8-423.6,421.8274111675089,361.8-423.6,2026-08-28 10:00:00,2026-08-30 17:00:00,2026-08-30,2026-08-30,2026-08,DOWN,UP,DOWN,False,2.0,0.0,DOWN,True,KEEP_IF_DOWN,True,True
723,DOWN,DOWN,36.599999999999966,461,True,UP,11.900000000000244,89.0,307.56302521007746,261.8-361.8,307.56302521007746,261.8-361.8,2026-08-31 20:33:00,2026-09-01 04:16:00,2026-09-01,2026-09-01,2026-09,DOWN,DOWN,DOWN,False,0.5,0.0,DOWN,True,KEEP_IF_DOWN,True,True
725,DOWN,DOWN,23.399999999997867,126,True,UP,20.299999999999763,358.0,115.27093596058198,100.0-127.2,115.27093596058198,100-127.2,2026-09-01 10:14:00,2026-09-01 12:20:00,2026-09-01,2026-09-01,2026-09,DOWN,DOWN,DOWN,False,0.5,0.0,DOWN,True,KEEP_IF_DOWN,True,True
727,DOWN,DOWN,29.799999999999827,518,True,UP,11.299999999998532,358.0,263.7168141593247,261.8-361.8,263.7168141593247,261.8-361.8,2026-09-01 18:20:00,2026-09-02 03:06:00,2026-09-02,2026-09-02,2026-09,DOWN,DOWN,DOWN,False,0.0,0.0,DOWN,True,KEEP_IF_DOWN,True,True
